Secuencial aleatorio 
	Minimo: 199
	Corrida: 321
Matula 
	Minimo: 211
	Corrida: 102
Welsh-Powell 
	Minimo: 194
	Corrida: 102
Estadisticas Secuencial aleatorio
199	1
200	1
202	8
203	12
204	30
205	59
206	97
207	130
208	151
209	156
210	120
211	96
212	61
213	45
214	20
215	10
216	1
217	2

Estadisticas Matula
224	7
225	3
211	7
212	18
213	36
214	78
215	82
216	135
217	132
218	160
219	112
220	106
221	80
222	24
223	20

Estadisticas WP
194	3
195	9
196	13
197	28
198	70
199	142
200	173
201	197
202	163
203	111
204	58
205	21
206	9
207	2
208	1

