Secuencial aleatorio 
	Minimo: 500
	Corrida: 173
Matula 
	Minimo: 500
	Corrida: 220
Welsh-Powell 
	Minimo: 500
	Corrida: 380
Estadisticas Secuencial aleatorio
512	53
513	55
514	59
515	46
516	38
517	32
518	39
519	34
520	29
521	23
522	28
523	16
524	21
525	19
526	19
527	8
528	10
529	4
530	8
531	2
532	6
533	1
534	2
535	3
538	2
544	1
500	4
501	10
502	16
503	26
504	34
505	42
506	48
507	51
508	55
509	56
510	48
511	52

Estadisticas Matula
512	59
513	58
514	56
515	50
516	47
517	46
518	32
519	22
520	24
521	34
522	33
523	22
524	16
525	16
526	12
527	8
528	3
529	9
530	4
531	2
532	4
533	3
534	3
535	1
536	1
537	1
538	1
500	3
501	13
502	13
503	20
504	31
505	44
506	47
507	61
508	42
509	49
510	63
511	47

Estadisticas WP
512	53
513	61
514	58
515	39
516	45
517	35
518	38
519	31
520	37
521	29
522	20
523	19
524	16
525	25
526	13
527	11
528	14
529	8
530	6
531	2
532	4
533	4
534	3
535	1
536	2
537	2
538	1
539	1
540	1
500	2
501	7
502	19
503	26
504	33
505	44
506	46
507	39
508	45
509	50
510	52
511	58

