Secuencial aleatorio 
	Minimo: 337
	Corrida: 336
Matula 
	Minimo: 336
	Corrida: 216
Welsh-Powell 
	Minimo: 336
	Corrida: 816
Estadisticas Secuencial aleatorio
337	2
338	7
339	18
340	18
341	40
342	49
343	60
344	74
345	62
346	66
347	73
348	66
349	59
350	65
351	47
352	60
353	35
354	37
355	26
356	28
357	16
358	17
359	20
360	12
361	12
362	5
363	7
364	3
365	5
366	3
367	1
369	2
371	3
372	1
374	1

Estadisticas Matula
336	4
337	6
338	5
339	12
340	20
341	23
342	56
343	69
344	72
345	60
346	67
347	77
348	72
349	70
350	56
351	53
352	51
353	50
354	26
355	39
356	18
357	21
358	20
359	12
360	6
361	15
362	4
363	5
364	2
365	2
366	2
367	3
368	1
371	1

Estadisticas WP
336	1
337	4
338	12
339	12
340	24
341	30
342	54
343	54
344	63
345	70
346	86
347	63
348	72
349	71
350	59
351	55
352	46
353	41
354	33
355	32
356	18
357	19
358	16
359	13
360	15
361	10
362	6
363	3
364	4
365	4
366	2
367	2
368	2
369	1
370	2
377	1

