Secuencial aleatorio 
	Minimo: 202
	Corrida: 447
Matula 
	Minimo: 211
	Corrida: 3359
Welsh-Powell 
	Minimo: 186
	Corrida: 41
Estadisticas Secuencial aleatorio
226	1
202	4
203	1
204	9
205	38
206	46
207	120
208	193
209	336
210	452
211	560
212	669
213	687
214	547
215	476
216	353
217	232
218	148
219	66
220	38
221	16
222	6
223	2

Estadisticas Matula
224	52
225	42
226	13
227	2
211	1
212	6
213	28
214	110
215	275
216	570
217	859
218	908
219	824
220	573
221	379
222	234
223	124

Estadisticas WP
192	1128
193	498
194	158
195	34
196	6
197	1
186	7
187	25
188	153
189	556
190	1111
191	1323

