Secuencial aleatorio 
	Minimo: 200
	Corrida: 6812
Matula 
	Minimo: 212
	Corrida: 7215
Welsh-Powell 
	Minimo: 185
	Corrida: 8575
Estadisticas Secuencial aleatorio
200	1
201	1
202	2
203	4
204	10
205	22
206	64
207	110
208	214
209	336
210	449
211	548
212	630
213	685
214	577
215	517
216	360
217	213
218	144
219	66
220	30
221	9
222	4
223	1
224	2
225	1

Estadisticas Matula
224	76
225	31
226	13
227	3
228	1
212	1
213	27
214	85
215	267
216	575
217	797
218	982
219	831
220	596
221	359
222	233
223	123

Estadisticas WP
192	1125
193	522
194	166
195	30
196	4
185	1
186	5
187	27
188	146
189	547
190	1055
191	1372

