Secuencial aleatorio 
	Minimo: 336
	Corrida: 5517
Matula 
	Minimo: 335
	Corrida: 7718
Welsh-Powell 
	Minimo: 335
	Corrida: 9561
Estadisticas Secuencial aleatorio
336	7
337	17
338	35
339	76
340	132
341	160
342	220
343	309
344	320
345	382
346	357
347	377
348	369
349	287
350	324
351	265
352	241
353	203
354	192
355	135
356	121
357	102
358	70
359	69
360	55
361	43
362	37
363	22
364	27
365	18
366	5
367	3
368	5
369	3
370	2
371	3
373	2
374	3
376	1
378	1

Estadisticas Matula
335	3
336	6
337	15
338	55
339	79
340	155
341	170
342	254
343	273
344	325
345	350
346	327
347	383
348	350
349	325
350	300
351	254
352	250
353	209
354	160
355	134
356	124
357	106
358	88
359	74
360	52
361	46
362	29
363	28
364	29
365	12
366	16
367	5
368	4
369	3
371	4
373	1
374	1
375	1

Estadisticas WP
335	1
336	4
337	16
338	37
339	69
340	109
341	193
342	247
343	280
344	336
345	342
346	367
347	369
348	316
349	345
350	285
351	271
352	272
353	207
354	179
355	143
356	109
357	104
358	78
359	72
360	65
361	36
362	35
363	32
364	24
365	18
366	14
367	6
368	8
369	2
371	5
373	3
380	1

