Secuencial aleatorio 
	Minimo: 500
	Corrida: 7728
Matula 
	Minimo: 500
	Corrida: 7694
Welsh-Powell 
	Minimo: 500
	Corrida: 7946
Estadisticas Secuencial aleatorio
512	125
513	129
514	121
515	130
516	131
517	95
518	83
519	83
520	82
521	75
522	51
523	50
524	54
525	41
526	28
527	17
528	27
529	18
530	11
531	6
532	6
533	5
534	9
535	8
536	4
537	1
538	2
539	1
540	1
541	2
542	1
546	1
554	1
500	11
501	29
502	42
503	60
504	83
505	95
506	108
507	121
508	135
509	130
510	149
511	138

Estadisticas Matula
512	146
513	107
514	119
515	131
516	107
517	98
518	100
519	88
520	76
521	66
522	54
523	57
524	46
525	43
526	33
527	26
528	19
529	18
530	15
531	10
532	4
533	6
534	4
535	5
536	2
537	2
538	3
539	1
543	1
546	1
500	5
501	29
502	43
503	53
504	78
505	99
506	105
507	110
508	146
509	150
510	150
511	144

Estadisticas WP
512	123
513	118
514	139
515	128
516	110
517	108
518	94
519	86
520	72
521	54
522	51
523	58
524	49
525	37
526	23
527	22
528	23
529	19
530	15
531	11
532	8
533	6
534	2
535	6
536	2
537	2
538	4
539	3
543	1
500	6
501	30
502	42
503	61
504	83
505	100
506	102
507	127
508	139
509	136
510	127
511	173

