Secuencial aleatorio 
	Minimo: 500
	Corrida: 5089
Matula 
	Minimo: 500
	Corrida: 5729
Welsh-Powell 
	Minimo: 500
	Corrida: 5459
Estadisticas Secuencial aleatorio
512	142
513	126
514	106
515	142
516	102
517	93
518	82
519	105
520	72
521	84
522	59
523	52
524	36
525	41
526	28
527	27
528	15
529	20
530	17
531	7
532	7
533	7
534	1
535	2
536	2
537	1
538	1
539	1
541	1
500	6
501	23
502	47
503	56
504	72
505	108
506	106
507	149
508	131
509	138
510	145
511	140

Estadisticas Matula
512	130
513	142
514	127
515	130
516	119
517	101
518	84
519	81
520	86
521	57
522	62
523	33
524	34
525	40
526	25
527	29
528	17
529	9
530	14
531	8
532	3
533	7
534	4
535	3
536	4
537	3
538	1
539	1
540	1
543	1
544	1
545	1
500	5
501	25
502	43
503	77
504	105
505	89
506	125
507	121
508	147
509	136
510	139
511	130

Estadisticas WP
512	137
513	113
514	122
515	130
516	128
517	109
518	87
519	90
520	76
521	61
522	58
523	52
524	40
525	31
526	34
527	26
528	14
529	17
530	14
531	13
532	6
533	7
534	2
535	3
536	3
537	1
538	1
540	1
541	1
542	1
546	1
548	1
500	7
501	24
502	45
503	66
504	80
505	115
506	126
507	122
508	111
509	155
510	148
511	121

