Secuencial aleatorio 
	Minimo: 500
	Corrida: 37
Matula 
	Minimo: 500
	Corrida: 862
Welsh-Powell 
	Minimo: 500
	Corrida: 687
Estadisticas Secuencial aleatorio
512	144
513	141
514	129
515	107
516	102
517	117
518	79
519	77
520	79
521	64
522	54
523	40
524	38
525	30
526	30
527	25
528	23
529	14
530	11
531	8
532	14
533	7
534	12
535	1
536	4
537	4
539	2
542	1
500	9
501	26
502	59
503	68
504	97
505	108
506	106
507	128
508	136
509	138
510	123
511	145

Estadisticas Matula
512	134
513	126
514	122
515	146
516	113
517	103
518	93
519	77
520	70
521	71
522	53
523	44
524	35
525	34
526	29
527	23
528	19
529	14
530	9
531	12
532	6
533	6
534	8
535	3
536	5
537	6
538	1
539	1
540	1
542	1
500	5
501	19
502	41
503	62
504	91
505	100
506	120
507	131
508	133
509	132
510	147
511	154

Estadisticas WP
512	148
513	143
514	115
515	112
516	94
517	88
518	98
519	81
520	73
521	69
522	46
523	44
524	41
525	38
526	31
527	25
528	18
529	22
530	11
531	11
532	7
533	5
534	6
535	3
536	3
537	3
538	1
539	2
540	1
541	1
542	1
548	1
500	6
501	31
502	57
503	72
504	85
505	90
506	106
507	118
508	138
509	160
510	144
511	151

