Secuencial aleatorio 
	Minimo: 335
	Corrida: 2473
Matula 
	Minimo: 336
	Corrida: 2977
Welsh-Powell 
	Minimo: 336
	Corrida: 410
Estadisticas Secuencial aleatorio
335	1
336	5
337	22
338	37
339	79
340	132
341	176
342	231
343	299
344	356
345	334
346	318
347	374
348	355
349	337
350	275
351	297
352	226
353	186
354	170
355	174
356	118
357	88
358	85
359	82
360	58
361	50
362	29
363	28
364	21
365	12
366	13
367	6
368	11
369	4
370	5
371	1
372	2
373	1
374	2

Estadisticas Matula
336	2
337	21
338	38
339	76
340	125
341	171
342	250
343	293
344	310
345	312
346	345
347	400
348	335
349	333
350	305
351	272
352	235
353	211
354	177
355	162
356	130
357	107
358	74
359	80
360	51
361	47
362	31
363	28
364	23
365	16
366	11
367	9
368	7
369	3
370	3
371	4
373	1
374	1
377	1

Estadisticas WP
336	9
337	13
338	37
339	69
340	115
341	171
342	251
343	309
344	323
345	334
346	379
347	351
348	369
349	312
350	317
351	281
352	256
353	192
354	164
355	133
356	130
357	89
358	79
359	59
360	56
361	42
362	43
363	22
364	32
365	17
366	10
367	13
368	6
369	8
370	3
371	2
372	2
375	1
377	1

