Secuencial aleatorio 
	Minimo: 500
	Corrida: 2806
Matula 
	Minimo: 500
	Corrida: 2636
Welsh-Powell 
	Minimo: 500
	Corrida: 2607
Estadisticas Secuencial aleatorio
512	168
513	131
514	125
515	125
516	108
517	91
518	71
519	75
520	74
521	64
522	59
523	52
524	43
525	35
526	35
527	23
528	24
529	22
530	18
531	9
532	10
533	10
534	5
535	4
536	4
537	2
538	5
540	1
545	1
500	6
501	26
502	47
503	65
504	93
505	95
506	105
507	130
508	143
509	130
510	133
511	133

Estadisticas Matula
512	136
513	129
514	126
515	120
516	103
517	95
518	91
519	75
520	71
521	55
522	42
523	40
524	55
525	39
526	39
527	26
528	27
529	22
530	9
531	10
532	5
533	12
534	9
535	6
536	3
538	2
539	1
543	1
544	1
549	1
500	6
501	31
502	57
503	58
504	67
505	87
506	113
507	146
508	134
509	157
510	159
511	134

Estadisticas WP
512	146
513	139
514	126
515	107
516	97
517	91
518	101
519	83
520	66
521	60
522	62
523	53
524	39
525	38
526	25
527	30
528	30
529	17
530	9
531	15
532	8
533	3
534	8
535	4
536	1
537	1
538	5
539	1
542	1
500	7
501	28
502	45
503	62
504	81
505	91
506	122
507	129
508	139
509	141
510	132
511	157

