Secuencial aleatorio 
	Minimo: 200
	Corrida: 6812
Matula 
	Minimo: 211
	Corrida: 3359
Welsh-Powell 
	Minimo: 185
	Corrida: 8575
Estadisticas Secuencial aleatorio
200	1
201	1
202	6
203	5
204	19
205	60
206	110
207	230
208	407
209	672
210	901
211	1108
212	1299
213	1372
214	1124
215	993
216	713
217	445
218	292
219	132
220	68
221	25
222	10
223	3
224	2
225	1
226	1

Estadisticas Matula
211	1
212	7
213	55
214	195
215	542
216	1145
217	1656
218	1890
219	1655
220	1169
221	738
222	467
223	247
224	128
225	73
226	26
227	5
228	1

Estadisticas WP
185	1
186	12
187	52
188	299
189	1103
190	2166
191	2695
192	2253
193	1020
194	324
195	64
196	10
197	1

