Secuencial aleatorio 
	Minimo: 335
	Corrida: 2473
Matula 
	Minimo: 335
	Corrida: 7718
Welsh-Powell 
	Minimo: 335
	Corrida: 9561
Estadisticas Secuencial aleatorio
335	1
336	12
337	39
338	72
339	155
340	264
341	336
342	451
343	608
344	676
345	716
346	675
347	751
348	724
349	624
350	599
351	562
352	467
353	389
354	362
355	309
356	239
357	190
358	155
359	151
360	113
361	93
362	66
363	50
364	48
365	30
366	18
367	9
368	16
369	7
370	7
371	4
372	2
373	3
374	5
376	1
378	1

Estadisticas Matula
335	3
336	7
337	36
338	93
339	155
340	280
341	341
342	504
343	566
344	635
345	662
346	672
347	783
348	685
349	658
350	605
351	526
352	485
353	420
354	337
355	296
356	254
357	213
358	162
359	154
360	103
361	93
362	60
363	56
364	52
365	28
366	27
367	14
368	11
369	6
370	4
371	8
373	2
374	2
375	1
377	1

Estadisticas WP
335	1
336	13
337	29
338	74
339	138
340	224
341	364
342	498
343	589
344	659
345	676
346	746
347	720
348	685
349	657
350	602
351	552
352	528
353	399
354	343
355	276
356	239
357	193
358	157
359	131
360	121
361	78
362	78
363	54
364	56
365	35
366	24
367	19
368	14
369	10
370	3
371	7
372	2
373	3
375	1
377	1
380	1

